Exact Solution
0.00143653
0.00287164
0.00430391
0.00573194
0.00715431
0.00856961
0.00997646
0.0113735
0.0127592
0.0141324
0.0154916
0.0168356
0.0181629
0.0194723
0.0207624
0.0220321
0.02328
0.024505
0.0257057
0.0268811
0.0280299
0.0291511
0.0302435
0.031306
0.0323377
0.0333374
0.0343042
0.0352371
0.0361353
0.0369978
0.0378237
0.0386124
0.0393629
0.0400745
0.0407466
0.0413785
0.0419695
0.0425191
0.0430268
0.0434919
0.0439141
0.044293
0.0446282
0.0449193
0.045166
0.0453682
0.0455256
0.045638
0.0457054
0.0457277
0.0457048
0.0456368
0.0455238
0.0453659
0.0451631
0.0449158
0.0446241
0.0442884
0.0439089
0.0434862
0.0430205
0.0425123
0.0419621
0.0413706
0.0407382
0.0400656
0.0393534
0.0386024
0.0378133
0.0369868
0.0361239
0.0352252
0.0342919
0.0333246
0.0323245
0.0312924
0.0302295
0.0291367
0.0280152
0.026866
0.0256903
0.0244892
0.023264
0.0220158
0.0207458
0.0194554
0.0181458
0.0168182
0.0154741
0.0141147
0.0127413
0.0113554
0.00995828
0.00855131
0.00713591
0.00571346
0.00428537
0.00285305
0.00141791
Numerical Solution
0.00144487
0.00288831
0.0043289
0.00576522
0.00719584
0.00861937
0.0100344
0.0114395
0.0128333
0.0142145
0.0155816
0.0169333
0.0182683
0.0195853
0.020883
0.02216
0.0234152
0.0246472
0.0258549
0.0270371
0.0281927
0.0293203
0.0304191
0.0314878
0.0325254
0.0335309
0.0345033
0.0354417
0.0363451
0.0372126
0.0380433
0.0388365
0.0395914
0.0403072
0.0409832
0.0416187
0.0422132
0.042766
0.0432766
0.0437444
0.0441691
0.0445502
0.0448873
0.0451801
0.0454282
0.0456316
0.0457899
0.045903
0.0459708
0.0459932
0.0459702
0.0459018
0.0457881
0.0456292
0.0454253
0.0451765
0.0448832
0.0445455
0.0441639
0.0437386
0.0432702
0.0427591
0.0422058
0.0416108
0.0409747
0.0402982
0.0395819
0.0388265
0.0380328
0.0372016
0.0363336
0.0354298
0.0344909
0.0335181
0.0325122
0.0314741
0.030405
0.0293059
0.0281778
0.027022
0.0258394
0.0246314
0.023399
0.0221436
0.0208663
0.0195684
0.0182511
0.0169159
0.0155639
0.0141966
0.0128153
0.0114213
0.0100161
0.00860096
0.00717734
0.00574663
0.00431025
0.00286961
0.00142614
