Exact Solution
0.000468145
0.000931485
0.00138526
0.00182483
0.00224566
0.00264344
0.00301409
0.0033538
0.00365909
0.00392682
0.00415425
0.00433904
0.00447929
0.00457357
0.0046209
0.0046208
0.00457328
0.00447882
0.00433838
0.00415342
0.00392582
0.00365794
0.0033525
0.00301266
0.00264189
0.00224401
0.00182309
0.00138347
0.000929639
0.00046627
0.000931485
0.00185341
0.00275631
0.00363092
0.00446826
0.00525974
0.00599724
0.00667318
0.00728062
0.00781334
0.00826586
0.00863354
0.0089126
0.00910019
0.00919437
0.00919418
0.00909962
0.00891166
0.00863224
0.00826421
0.00781135
0.00727833
0.00667059
0.00599439
0.00525667
0.00446498
0.00362748
0.00275273
0.00184974
0.000927754
0.00138526
0.00275631
0.00409907
0.00539975
0.00664501
0.00782206
0.00891883
0.00992406
0.0108274
0.0116197
0.0122926
0.0128394
0.0132544
0.0135334
0.0136735
0.0136732
0.0135326
0.013253
0.0128375
0.0122902
0.0116167
0.010824
0.00992022
0.0089146
0.00781749
0.00664013
0.00539462
0.00409375
0.00275085
0.00137972
0.00182483
0.00363092
0.00539975
0.00711315
0.00875355
0.0103041
0.0117489
0.0130731
0.0142631
0.0153067
0.0161932
0.0169135
0.0174602
0.0178277
0.0180122
0.0180119
0.0178266
0.0174584
0.016911
0.01619
0.0153028
0.0142586
0.013068
0.0117433
0.0102981
0.00874713
0.0071064
0.00539274
0.00362373
0.00181752
0.00224566
0.00446826
0.00664501
0.00875355
0.0107722
0.0126804
0.0144583
0.0160879
0.0175524
0.0188367
0.0199276
0.020814
0.0214868
0.021939
0.0221661
0.0221656
0.0219377
0.0214845
0.0208109
0.0199236
0.0188319
0.0175468
0.0160817
0.0144515
0.012673
0.0107643
0.00874524
0.00663638
0.00445941
0.00223666
0.00264344
0.00525974
0.00782206
0.0103041
0.0126804
0.0149265
0.0170194
0.0189376
0.0206615
0.0221733
0.0234575
0.0245009
0.0252928
0.0258252
0.0260925
0.0260919
0.0258236
0.0252902
0.0244972
0.0234528
0.0221676
0.020655
0.0189303
0.0170113
0.0149178
0.0126711
0.0102943
0.00781191
0.00524932
0.00263285
0.00301409
0.00599724
0.00891883
0.0117489
0.0144583
0.0170194
0.0194058
0.021593
0.0235585
0.0252823
0.0267466
0.0279363
0.0288393
0.0294463
0.029751
0.0297504
0.0294444
0.0288362
0.0279321
0.0267412
0.0252759
0.0235511
0.0215846
0.0193966
0.0170094
0.0144477
0.0117377
0.00890726
0.00598535
0.00300202
0.0033538
0.00667318
0.00992406
0.0130731
0.0160879
0.0189376
0.021593
0.0240267
0.0262138
0.0281318
0.0297611
0.0310849
0.0320897
0.0327651
0.0331042
0.0331035
0.0327631
0.0320863
0.0310802
0.0297552
0.0281247
0.0262055
0.0240174
0.0215827
0.0189266
0.0160761
0.0130607
0.00991118
0.00665995
0.00334037
0.00365909
0.00728062
0.0108274
0.0142631
0.0175524
0.0206615
0.0235585
0.0262138
0.0286
0.0306926
0.0324702
0.0339145
0.0350108
0.0357476
0.0361176
0.0361169
0.0357454
0.0350071
0.0339094
0.0324637
0.0306848
0.0285909
0.0262036
0.0235474
0.0206494
0.0175395
0.0142496
0.0108134
0.00726619
0.00364443
0.00392682
0.00781334
0.0116197
0.0153067
0.0188367
0.0221733
0.0252823
0.0281318
0.0306926
0.0329383
0.034846
0.036396
0.0375725
0.0383633
0.0387603
0.0387595
0.0383609
0.0375685
0.0363905
0.034839
0.03293
0.0306829
0.0281209
0.0252703
0.0221603
0.0188228
0.0152922
0.0116046
0.00779785
0.00391109
0.00415425
0.00826586
0.0122926
0.0161932
0.0199276
0.0234575
0.0267466
0.0297611
0.0324702
0.034846
0.0368642
0.0385039
0.0397485
0.0405851
0.0410052
0.0410043
0.0405826
0.0397443
0.0384981
0.0368568
0.0348372
0.03246
0.0297496
0.0267339
0.0234437
0.019913
0.0161779
0.0122767
0.00824948
0.00413761
0.00433904
0.00863354
0.0128394
0.0169135
0.020814
0.0245009
0.0279363
0.0310849
0.0339145
0.036396
0.0385039
0.0402167
0.0415166
0.0423904
0.0428291
0.0428282
0.0423878
0.0415122
0.0402106
0.0384963
0.0363868
0.0339038
0.0310729
0.027923
0.0244866
0.0207988
0.0168975
0.0128228
0.00861643
0.00432166
0.00447929
0.0089126
0.0132544
0.0174602
0.0214868
0.0252928
0.0288393
0.0320897
0.0350108
0.0375725
0.0397485
0.0415166
0.0428586
0.0437606
0.0442135
0.0442126
0.0437579
0.042854
0.0415103
0.0397406
0.0375629
0.0349997
0.0320773
0.0288256
0.025278
0.021471
0.0174437
0.0132372
0.00889494
0.00446135
0.00457357
0.00910019
0.0135334
0.0178277
0.021939
0.0258252
0.0294463
0.0327651
0.0357476
0.0383633
0.0405851
0.0423904
0.0437606
0.0446817
0.0451441
0.0451431
0.0446789
0.043756
0.042384
0.040577
0.0383535
0.0357364
0.0327524
0.0294323
0.0258101
0.0219229
0.0178108
0.0135158
0.00908215
0.00455525
0.0046209
0.00919437
0.0136735
0.0180122
0.0221661
0.0260925
0.029751
0.0331042
0.0361176
0.0387603
0.0410052
0.0428291
0.0442135
0.0451441
0.0456113
0.0456104
0.0451413
0.0442088
0.0428227
0.040997
0.0387505
0.0361062
0.0330914
0.0297369
0.0260772
0.0221498
0.0179951
0.0136557
0.00917615
0.00460239
0.0046208
0.00919418
0.0136732
0.0180119
0.0221656
0.0260919
0.0297504
0.0331035
0.0361169
0.0387595
0.0410043
0.0428282
0.0442126
0.0451431
0.0456104
0.0456094
0.0451403
0.0442079
0.0428218
0.0409961
0.0387497
0.0361055
0.0330907
0.0297363
0.0260767
0.0221494
0.0179948
0.0136554
0.00917596
0.0046023
0.00457328
0.00909962
0.0135326
0.0178266
0.0219377
0.0258236
0.0294444
0.0327631
0.0357454
0.0383609
0.0405826
0.0423878
0.0437579
0.0446789
0.0451413
0.0451403
0.0446761
0.0437533
0.0423814
0.0405745
0.0383511
0.0357341
0.0327504
0.0294305
0.0258085
0.0219216
0.0178097
0.013515
0.00908158
0.00455496
0.00447882
0.00891166
0.013253
0.0174584
0.0214845
0.0252902
0.0288362
0.0320863
0.0350071
0.0375685
0.0397443
0.0415122
0.042854
0.043756
0.0442088
0.0442079
0.0437533
0.0428495
0.041506
0.0397364
0.037559
0.034996
0.0320739
0.0288226
0.0252754
0.0214688
0.0174418
0.0132358
0.008894
0.00446088
0.00433838
0.00863224
0.0128375
0.016911
0.0208109
0.0244972
0.0279321
0.0310802
0.0339094
0.0363905
0.0384981
0.0402106
0.0415103
0.042384
0.0428227
0.0428218
0.0423814
0.041506
0.0402045
0.0384904
0.0363813
0.0338987
0.0310682
0.0279188
0.0244829
0.0207956
0.0168949
0.0128208
0.00861513
0.00432101
0.00415342
0.00826421
0.0122902
0.01619
0.0199236
0.0234528
0.0267412
0.0297552
0.0324637
0.034839
0.0368568
0.0384963
0.0397406
0.040577
0.040997
0.0409961
0.0405745
0.0397364
0.0384904
0.0368494
0.0348302
0.0324535
0.0297436
0.0267285
0.0234391
0.019909
0.0161746
0.0122742
0.00824783
0.00413678
0.00392582
0.00781135
0.0116167
0.0153028
0.0188319
0.0221676
0.0252759
0.0281247
0.0306848
0.03293
0.0348372
0.0363868
0.0375629
0.0383535
0.0387505
0.0387497
0.0383511
0.037559
0.0363813
0.0348302
0.0329216
0.0306751
0.0281138
0.0252639
0.0221547
0.0188181
0.0152883
0.0116016
0.00779587
0.0039101
0.00365794
0.00727833
0.010824
0.0142586
0.0175468
0.020655
0.0235511
0.0262055
0.0285909
0.0306829
0.03246
0.0339038
0.0349997
0.0357364
0.0361062
0.0361055
0.0357341
0.034996
0.0338987
0.0324535
0.0306751
0.0285819
0.0261954
0.0235399
0.0206429
0.017534
0.0142451
0.01081
0.0072639
0.00364328
0.0033525
0.00667059
0.00992022
0.013068
0.0160817
0.0189303
0.0215846
0.0240174
0.0262036
0.0281209
0.0297496
0.0310729
0.0320773
0.0327524
0.0330914
0.0330907
0.0327504
0.0320739
0.0310682
0.0297436
0.0281138
0.0261954
0.0240081
0.0215744
0.0189192
0.0160699
0.0130556
0.00990734
0.00665737
0.00333907
0.00301266
0.00599439
0.0089146
0.0117433
0.0144515
0.0170113
0.0193966
0.0215827
0.0235474
0.0252703
0.0267339
0.027923
0.0288256
0.0294323
0.0297369
0.0297363
0.0294305
0.0288226
0.0279188
0.0267285
0.0252639
0.0235399
0.0215744
0.0193874
0.0170014
0.0144409
0.0117322
0.00890303
0.00598251
0.00300059
0.00264189
0.00525667
0.00781749
0.0102981
0.012673
0.0149178
0.0170094
0.0189266
0.0206494
0.0221603
0.0234437
0.0244866
0.025278
0.0258101
0.0260772
0.0260767
0.0258085
0.0252754
0.0244829
0.0234391
0.0221547
0.0206429
0.0189192
0.0170014
0.014909
0.0126636
0.0102883
0.00780734
0.00524625
0.00263131
0.00224401
0.00446498
0.00664013
0.00874713
0.0107643
0.0126711
0.0144477
0.0160761
0.0175395
0.0188228
0.019913
0.0207988
0.021471
0.0219229
0.0221498
0.0221494
0.0219216
0.0214688
0.0207956
0.019909
0.0188181
0.017534
0.0160699
0.0144409
0.0126636
0.0107564
0.00873882
0.00663151
0.00445614
0.00223502
0.00182309
0.00362748
0.00539462
0.0071064
0.00874524
0.0102943
0.0117377
0.0130607
0.0142496
0.0152922
0.0161779
0.0168975
0.0174437
0.0178108
0.0179951
0.0179948
0.0178097
0.0174418
0.0168949
0.0161746
0.0152883
0.0142451
0.0130556
0.0117322
0.0102883
0.00873882
0.00709966
0.00538762
0.00362029
0.00181579
0.00138347
0.00275273
0.00409375
0.00539274
0.00663638
0.00781191
0.00890726
0.00991118
0.0108134
0.0116046
0.0122767
0.0128228
0.0132372
0.0135158
0.0136557
0.0136554
0.013515
0.0132358
0.0128208
0.0122742
0.0116016
0.01081
0.00990734
0.00890303
0.00780734
0.00663151
0.00538762
0.00408843
0.00274728
0.00137793
0.000929639
0.00184974
0.00275085
0.00362373
0.00445941
0.00524932
0.00598535
0.00665995
0.00726619
0.00779785
0.00824948
0.00861643
0.00889494
0.00908215
0.00917615
0.00917596
0.00908158
0.008894
0.00861513
0.00824783
0.00779587
0.0072639
0.00665737
0.00598251
0.00524625
0.00445614
0.00362029
0.00274728
0.00184607
0.000925916
0.00046627
0.000927754
0.00137972
0.00181752
0.00223666
0.00263285
0.00300202
0.00334037
0.00364443
0.00391109
0.00413761
0.00432166
0.00446135
0.00455525
0.00460239
0.0046023
0.00455496
0.00446088
0.00432101
0.00413678
0.0039101
0.00364328
0.00333907
0.00300059
0.00263131
0.00223502
0.00181579
0.00137793
0.000925916
0.000464403
Numerical Solution
0.00047422
0.000943573
0.00140324
0.00184851
0.0022748
0.00267774
0.0030532
0.00339732
0.00370657
0.00397778
0.00420816
0.00439534
0.00453741
0.00463291
0.00468086
0.00468077
0.00463263
0.00453694
0.00439468
0.00420732
0.00397677
0.0037054
0.00339601
0.00305175
0.00267617
0.00227313
0.00184675
0.00140142
0.000941703
0.000472321
0.000943573
0.00187746
0.00279208
0.00367804
0.00452625
0.005328
0.00607506
0.00675977
0.0073751
0.00791473
0.00837312
0.00874557
0.00902826
0.00921828
0.00931368
0.00931349
0.0092177
0.00902731
0.00874425
0.00837145
0.00791272
0.00737277
0.00675715
0.00607218
0.00532488
0.00452293
0.00367455
0.00278845
0.00187374
0.000939794
0.00140324
0.00279208
0.00415226
0.00546982
0.00673124
0.00792357
0.00903457
0.0100528
0.0109679
0.0117704
0.0124521
0.013006
0.0134264
0.013709
0.0138509
0.0138506
0.0137082
0.013425
0.0130041
0.0124497
0.0117675
0.0109645
0.0100489
0.00903028
0.00791893
0.0067263
0.00546463
0.00414687
0.00278654
0.00139762
0.00184851
0.00367804
0.00546982
0.00720546
0.00886714
0.0104378
0.0119013
0.0132427
0.0144482
0.0155053
0.0164034
0.017133
0.0176868
0.0180591
0.018246
0.0182456
0.0180579
0.0176849
0.0171304
0.0164001
0.0155014
0.0144436
0.0132376
0.0118957
0.0104317
0.00886063
0.00719862
0.00546272
0.00367075
0.0018411
0.0022748
0.00452625
0.00673124
0.00886714
0.010912
0.0128449
0.014646
0.0162967
0.0177801
0.0190811
0.0201862
0.0210841
0.0217656
0.0222237
0.0224537
0.0224533
0.0222224
0.0217633
0.0210809
0.0201822
0.0190763
0.0177745
0.0162904
0.014639
0.0128374
0.010904
0.00885872
0.0067225
0.00451728
0.00226569
0.00267774
0.005328
0.00792357
0.0104378
0.0128449
0.0151202
0.0172403
0.0191834
0.0209296
0.022461
0.0237619
0.0248188
0.0256211
0.0261603
0.0264311
0.0264305
0.0261587
0.0256184
0.0248151
0.0237571
0.0224553
0.020923
0.019176
0.0172321
0.0151113
0.0128355
0.0104279
0.00791328
0.00531744
0.00266702
0.0030532
0.00607506
0.00903457
0.0119013
0.014646
0.0172403
0.0196576
0.0218732
0.0238642
0.0256104
0.0270936
0.0282988
0.0292135
0.0298284
0.0301371
0.0301365
0.0298265
0.0292104
0.0282945
0.0270882
0.0256039
0.0238567
0.0218647
0.0196483
0.0172302
0.0146352
0.01189
0.00902284
0.00606302
0.00304097
0.00339732
0.00675977
0.0100528
0.0132427
0.0162967
0.0191834
0.0218732
0.0243385
0.0265539
0.0284969
0.0301473
0.0314883
0.0325061
0.0331903
0.0335338
0.0335331
0.0331882
0.0325027
0.0314836
0.0301413
0.0284896
0.0265456
0.024329
0.0218628
0.0191722
0.0162847
0.0132302
0.0100398
0.00674637
0.00338371
0.00370657
0.0073751
0.0109679
0.0144482
0.0177801
0.0209296
0.0238642
0.0265539
0.0289711
0.0310909
0.0328915
0.0343546
0.0354651
0.0362115
0.0365863
0.0365855
0.0362093
0.0354613
0.0343494
0.032885
0.031083
0.028962
0.0265437
0.0238529
0.0209174
0.0177671
0.0144345
0.0109537
0.00736048
0.00369173
0.00397778
0.00791473
0.0117704
0.0155053
0.0190811
0.022461
0.0256104
0.0284969
0.0310909
0.0333658
0.0352982
0.0368683
0.03806
0.0388611
0.0392633
0.0392625
0.0388587
0.038056
0.0368628
0.0352911
0.0333573
0.0310811
0.0284858
0.0255982
0.0224479
0.0190671
0.0154906
0.0117552
0.00789904
0.00396185
0.00420816
0.00837312
0.0124521
0.0164034
0.0201862
0.0237619
0.0270936
0.0301473
0.0328915
0.0352982
0.0373425
0.0390036
0.0402643
0.0411118
0.0415373
0.0415364
0.0411092
0.0402601
0.0389977
0.0373351
0.0352892
0.0328812
0.0301356
0.0270808
0.023748
0.0201714
0.0163878
0.012436
0.00835653
0.0041913
0.00439534
0.00874557
0.013006
0.017133
0.0210841
0.0248188
0.0282988
0.0314883
0.0343546
0.0368683
0.0390036
0.0407385
0.0420553
0.0429405
0.0433849
0.043384
0.0429378
0.0420509
0.0407324
0.0389958
0.036859
0.0343438
0.0314761
0.0282854
0.0248043
0.0210686
0.0171167
0.0129892
0.00872824
0.00437774
0.00453741
0.00902826
0.0134264
0.0176868
0.0217656
0.0256211
0.0292135
0.0325061
0.0354651
0.03806
0.0402643
0.0420553
0.0434147
0.0443285
0.0447872
0.0447863
0.0443257
0.0434101
0.042049
0.0402563
0.0380504
0.0354539
0.0324935
0.0291996
0.0256061
0.0217497
0.01767
0.013409
0.00901036
0.00451924
0.00463291
0.00921828
0.013709
0.0180591
0.0222237
0.0261603
0.0298284
0.0331903
0.0362115
0.0388611
0.0411118
0.0429405
0.0443285
0.0452615
0.0457299
0.045729
0.0452586
0.0443238
0.042934
0.0411036
0.0388512
0.0362001
0.0331774
0.0298142
0.026145
0.0222074
0.0180419
0.0136912
0.00920001
0.00461436
0.00468086
0.00931368
0.0138509
0.018246
0.0224537
0.0264311
0.0301371
0.0335338
0.0365863
0.0392633
0.0415373
0.0433849
0.0447872
0.0457299
0.0462032
0.0462022
0.045727
0.0447825
0.0433784
0.041529
0.0392533
0.0365747
0.0335208
0.0301228
0.0264156
0.0224373
0.0182286
0.0138329
0.00929522
0.00466211
0.00468077
0.00931349
0.0138506
0.0182456
0.0224533
0.0264305
0.0301365
0.0335331
0.0365855
0.0392625
0.0415364
0.043384
0.0447863
0.045729
0.0462022
0.0462013
0.0457261
0.0447816
0.0433775
0.0415281
0.0392525
0.036574
0.0335201
0.0301222
0.026415
0.0224368
0.0182283
0.0138326
0.00929503
0.00466202
0.00463263
0.0092177
0.0137082
0.0180579
0.0222224
0.0261587
0.0298265
0.0331882
0.0362093
0.0388587
0.0411092
0.0429378
0.0443257
0.0452586
0.045727
0.0457261
0.0452558
0.044321
0.0429313
0.041101
0.0388488
0.0361978
0.0331754
0.0298124
0.0261434
0.022206
0.0180408
0.0136904
0.00919943
0.00461407
0.00453694
0.00902731
0.013425
0.0176849
0.0217633
0.0256184
0.0292104
0.0325027
0.0354613
0.038056
0.0402601
0.0420509
0.0434101
0.0443238
0.0447825
0.0447816
0.044321
0.0434056
0.0420446
0.040252
0.0380463
0.0354502
0.0324901
0.0291966
0.0256034
0.0217474
0.0176681
0.0134076
0.00900941
0.00451876
0.00439468
0.00874425
0.0130041
0.0171304
0.0210809
0.0248151
0.0282945
0.0314836
0.0343494
0.0368628
0.0389977
0.0407324
0.042049
0.042934
0.0433784
0.0433775
0.0429313
0.0420446
0.0407263
0.0389899
0.0368534
0.0343386
0.0314714
0.0282811
0.0248006
0.0210655
0.0171142
0.0129872
0.00872692
0.00437708
0.00420732
0.00837145
0.0124497
0.0164001
0.0201822
0.0237571
0.0270882
0.0301413
0.032885
0.0352911
0.0373351
0.0389958
0.0402563
0.0411036
0.041529
0.0415281
0.041101
0.040252
0.0389899
0.0373276
0.0352822
0.0328746
0.0301296
0.0270754
0.0237432
0.0201674
0.0163845
0.0124335
0.00835486
0.00419046
0.00397677
0.00791272
0.0117675
0.0155014
0.0190763
0.0224553
0.0256039
0.0284896
0.031083
0.0333573
0.0352892
0.036859
0.0380504
0.0388512
0.0392533
0.0392525
0.0388488
0.0380463
0.0368534
0.0352822
0.0333488
0.0310732
0.0284786
0.0255917
0.0224422
0.0190623
0.0154867
0.0117522
0.00789704
0.00396084
0.0037054
0.00737277
0.0109645
0.0144436
0.0177745
0.020923
0.0238567
0.0265456
0.028962
0.0310811
0.0328812
0.0343438
0.0354539
0.0362001
0.0365747
0.036574
0.0361978
0.0354502
0.0343386
0.0328746
0.0310732
0.0289528
0.0265353
0.0238454
0.0209108
0.0177615
0.0144299
0.0109502
0.00735816
0.00369056
0.00339601
0.00675715
0.0100489
0.0132376
0.0162904
0.019176
0.0218647
0.024329
0.0265437
0.0284858
0.0301356
0.0314761
0.0324935
0.0331774
0.0335208
0.0335201
0.0331754
0.0324901
0.0314714
0.0301296
0.0284786
0.0265353
0.0243196
0.0218543
0.0191647
0.0162784
0.013225
0.0100359
0.00674376
0.0033824
0.00305175
0.00607218
0.00903028
0.0118957
0.014639
0.0172321
0.0196483
0.0218628
0.0238529
0.0255982
0.0270808
0.0282854
0.0291996
0.0298142
0.0301228
0.0301222
0.0298124
0.0291966
0.0282811
0.0270754
0.0255917
0.0238454
0.0218543
0.019639
0.017222
0.0146283
0.0118844
0.00901856
0.00606014
0.00303953
0.00267617
0.00532488
0.00791893
0.0104317
0.0128374
0.0151113
0.0172302
0.0191722
0.0209174
0.0224479
0.023748
0.0248043
0.0256061
0.026145
0.0264156
0.026415
0.0261434
0.0256034
0.0248006
0.0237432
0.0224422
0.0209108
0.0191647
0.017222
0.0151025
0.012828
0.0104218
0.00790865
0.00531433
0.00266545
0.00227313
0.00452293
0.0067263
0.00886063
0.010904
0.0128355
0.0146352
0.0162847
0.0177671
0.0190671
0.0201714
0.0210686
0.0217497
0.0222074
0.0224373
0.0224368
0.022206
0.0217474
0.0210655
0.0201674
0.0190623
0.0177615
0.0162784
0.0146283
0.012828
0.010896
0.00885222
0.00671757
0.00451396
0.00226402
0.00184675
0.00367455
0.00546463
0.00719862
0.00885872
0.0104279
0.01189
0.0132302
0.0144345
0.0154906
0.0163878
0.0171167
0.01767
0.0180419
0.0182286
0.0182283
0.0180408
0.0176681
0.0171142
0.0163845
0.0154867
0.0144299
0.013225
0.0118844
0.0104218
0.00885222
0.00719179
0.00545753
0.00366726
0.00183935
0.00140142
0.00278845
0.00414687
0.00546272
0.0067225
0.00791328
0.00902284
0.0100398
0.0109537
0.0117552
0.012436
0.0129892
0.013409
0.0136912
0.0138329
0.0138326
0.0136904
0.0134076
0.0129872
0.0124335
0.0117522
0.0109502
0.0100359
0.00901856
0.00790865
0.00671757
0.00545753
0.00414148
0.00278293
0.00139581
0.000941703
0.00187374
0.00278654
0.00367075
0.00451728
0.00531744
0.00606302
0.00674637
0.00736048
0.00789904
0.00835653
0.00872824
0.00901036
0.00920001
0.00929522
0.00929503
0.00919943
0.00900941
0.00872692
0.00835486
0.00789704
0.00735816
0.00674376
0.00606014
0.00531433
0.00451396
0.00366726
0.00278293
0.00187003
0.000937931
0.000472321
0.000939794
0.00139762
0.0018411
0.00226569
0.00266702
0.00304097
0.00338371
0.00369173
0.00396185
0.0041913
0.00437774
0.00451924
0.00461436
0.00466211
0.00466202
0.00461407
0.00451876
0.00437708
0.00419046
0.00396084
0.00369056
0.0033824
0.00303953
0.00266545
0.00226402
0.00183935
0.00139581
0.000937931
0.000470429
Diff
6.07491e-06
1.20875e-05
1.7976e-05
2.368e-05
2.91409e-05
3.43027e-05
3.91125e-05
4.35208e-05
4.74824e-05
5.09566e-05
5.39079e-05
5.63058e-05
5.81258e-05
5.93491e-05
5.99634e-05
5.99621e-05
5.93454e-05
5.81196e-05
5.62973e-05
5.38971e-05
5.09437e-05
4.74674e-05
4.35039e-05
3.90939e-05
3.42827e-05
2.91195e-05
2.36575e-05
1.79526e-05
1.20635e-05
6.05058e-06
1.20875e-05
2.40509e-05
3.57674e-05
4.71169e-05
5.79827e-05
6.82534e-05
7.78235e-05
8.65949e-05
9.44774e-05
0.00010139
0.000107262
0.000112034
0.000115655
0.000118089
0.000119311
0.000119309
0.000118082
0.000115643
0.000112017
0.000107241
0.000101364
9.44476e-05
8.65613e-05
7.77866e-05
6.82134e-05
5.79401e-05
4.70721e-05
3.5721e-05
2.40032e-05
1.20391e-05
1.7976e-05
3.57674e-05
5.31918e-05
7.00702e-05
8.62293e-05
0.000101503
0.000115736
0.00012878
0.000140503
0.000150783
0.000159516
0.000166612
0.000171997
0.000175617
0.000177435
0.000177431
0.000175606
0.000171979
0.000166586
0.000159484
0.000150745
0.000140458
0.00012873
0.000115681
0.000101444
8.61661e-05
7.00037e-05
5.31227e-05
3.56965e-05
1.7904e-05
2.368e-05
4.71169e-05
7.00702e-05
9.23043e-05
0.000113591
0.000133712
0.00015246
0.000169644
0.000185086
0.000198628
0.000210132
0.000219479
0.000226574
0.000231342
0.000233737
0.000233732
0.000231328
0.00022655
0.000219446
0.00021009
0.000198578
0.000185028
0.000169578
0.000152388
0.000133633
0.000113508
9.22166e-05
6.99792e-05
4.70235e-05
2.35851e-05
2.91409e-05
5.79827e-05
8.62293e-05
0.000113591
0.000139787
0.000164548
0.00018762
0.000208766
0.000227769
0.000244435
0.000258592
0.000270094
0.000278825
0.000284693
0.00028764
0.000287634
0.000284676
0.000278795
0.000270054
0.00025854
0.000244373
0.000227698
0.000208685
0.000187531
0.000164451
0.000139684
0.000113483
8.61174e-05
5.78678e-05
2.90242e-05
3.43027e-05
6.82534e-05
0.000101503
0.000133712
0.000164548
0.000193694
0.000220853
0.000245745
0.000268115
0.000287733
0.000304397
0.000317937
0.000328214
0.000335122
0.00033859
0.000338583
0.000335101
0.000328179
0.000317889
0.000304336
0.00028766
0.00026803
0.00024565
0.000220749
0.000193581
0.000164427
0.000133585
0.000101372
6.81181e-05
3.41653e-05
3.91125e-05
7.78235e-05
0.000115736
0.00015246
0.00018762
0.000220853
0.00025182
0.000280202
0.000305709
0.000328077
0.000347078
0.000362517
0.000374235
0.000382111
0.000386066
0.000386058
0.000382087
0.000374195
0.000362462
0.000347009
0.000327994
0.000305612
0.000280094
0.000251701
0.000220724
0.000187482
0.000152315
0.000115586
7.76693e-05
3.89558e-05
4.35208e-05
8.65949e-05
0.00012878
0.000169644
0.000208766
0.000245745
0.000280202
0.000311784
0.000340165
0.000365054
0.000386197
0.000403375
0.000416414
0.000425178
0.000429579
0.00042957
0.000425152
0.00041637
0.000403315
0.00038612
0.000364961
0.000340057
0.000311663
0.00028007
0.000245602
0.000208613
0.000169483
0.000128613
8.64232e-05
4.33465e-05
4.74824e-05
9.44774e-05
0.000140503
0.000185086
0.000227769
0.000268115
0.000305709
0.000340165
0.000371129
0.000398284
0.000421351
0.000440094
0.000454319
0.000463881
0.000468682
0.000468672
0.000463852
0.000454271
0.000440027
0.000421267
0.000398183
0.000371012
0.000340033
0.000305564
0.000267958
0.000227602
0.00018491
0.00014032
9.42902e-05
4.72922e-05
5.09566e-05
0.00010139
0.000150783
0.000198628
0.000244435
0.000287733
0.000328077
0.000365054
0.000398284
0.000427426
0.000452181
0.000472295
0.000487561
0.000497823
0.000502975
0.000502965
0.000497792
0.00048751
0.000472224
0.000452091
0.000427318
0.000398159
0.000364913
0.000327921
0.000287564
0.000244256
0.00019844
0.000150587
0.000101189
5.07525e-05
5.39079e-05
0.000107262
0.000159516
0.000210132
0.000258592
0.000304397
0.000347078
0.000386197
0.000421351
0.000452181
0.00047837
0.000499649
0.000515799
0.000526655
0.000532106
0.000532095
0.000526622
0.000515745
0.000499573
0.000478274
0.000452066
0.000421219
0.000386047
0.000346913
0.000304219
0.000258402
0.000209933
0.000159309
0.00010705
5.36919e-05
5.63058e-05
0.000112034
0.000166612
0.000219479
0.000270094
0.000317937
0.000362517
0.000403375
0.000440094
0.000472295
0.000499649
0.000521874
0.000538743
0.000550082
0.000555775
0.000555763
0.000550047
0.000538686
0.000521795
0.000499549
0.000472175
0.000439955
0.000403219
0.000362345
0.000317751
0.000269896
0.000219271
0.000166395
0.000111812
5.60802e-05
5.81258e-05
0.000115655
0.000171997
0.000226574
0.000278825
0.000328214
0.000374235
0.000416414
0.000454319
0.000487561
0.000515799
0.000538743
0.000556157
0.000567862
0.000573739
0.000573727
0.000567827
0.000556098
0.000538661
0.000515696
0.000487437
0.000454176
0.000416253
0.000374057
0.000328022
0.00027862
0.000226359
0.000171774
0.000115426
5.78929e-05
5.93491e-05
0.000118089
0.000175617
0.000231342
0.000284693
0.000335122
0.000382111
0.000425178
0.000463881
0.000497823
0.000526655
0.000550082
0.000567862
0.000579814
0.000585815
0.000585803
0.000579778
0.000567802
0.000549999
0.00052655
0.000497697
0.000463735
0.000425014
0.00038193
0.000334926
0.000284484
0.000231123
0.000175389
0.000117855
5.91114e-05
5.99634e-05
0.000119311
0.000177435
0.000233737
0.00028764
0.00033859
0.000386066
0.000429579
0.000468682
0.000502975
0.000532106
0.000555775
0.000573739
0.000585815
0.000591878
0.000591865
0.000585778
0.000573679
0.000555691
0.000531999
0.000502848
0.000468534
0.000429412
0.000385883
0.000338392
0.000287429
0.000233515
0.000177204
0.000119075
5.97232e-05
5.99621e-05
0.000119309
0.000177431
0.000233732
0.000287634
0.000338583
0.000386058
0.00042957
0.000468672
0.000502965
0.000532095
0.000555763
0.000573727
0.000585803
0.000591865
0.000591853
0.000585766
0.000573667
0.000555679
0.000531988
0.000502837
0.000468525
0.000429403
0.000385875
0.000338385
0.000287423
0.00023351
0.000177201
0.000119072
5.9722e-05
5.93454e-05
0.000118082
0.000175606
0.000231328
0.000284676
0.000335101
0.000382087
0.000425152
0.000463852
0.000497792
0.000526622
0.000550047
0.000567827
0.000579778
0.000585778
0.000585766
0.000579742
0.000567767
0.000549964
0.000526517
0.000497666
0.000463706
0.000424987
0.000381906
0.000334905
0.000284467
0.000231108
0.000175378
0.000117848
5.91077e-05
5.81196e-05
0.000115643
0.000171979
0.00022655
0.000278795
0.000328179
0.000374195
0.00041637
0.000454271
0.00048751
0.000515745
0.000538686
0.000556098
0.000567802
0.000573679
0.000573667
0.000567767
0.000556039
0.000538605
0.000515642
0.000487386
0.000454128
0.000416209
0.000374018
0.000327987
0.000278591
0.000226335
0.000171756
0.000115414
5.78868e-05
5.62973e-05
0.000112017
0.000166586
0.000219446
0.000270054
0.000317889
0.000362462
0.000403315
0.000440027
0.000472224
0.000499573
0.000521795
0.000538661
0.000549999
0.000555691
0.000555679
0.000549964
0.000538605
0.000521716
0.000499474
0.000472104
0.000439889
0.000403158
0.00036229
0.000317703
0.000269856
0.000219238
0.00016637
0.000111795
5.60718e-05
5.38971e-05
0.000107241
0.000159484
0.00021009
0.00025854
0.000304336
0.000347009
0.00038612
0.000421267
0.000452091
0.000478274
0.000499549
0.000515696
0.00052655
0.000531999
0.000531988
0.000526517
0.000515642
0.000499474
0.000478179
0.000451976
0.000421134
0.00038597
0.000346844
0.000304158
0.00025835
0.000209891
0.000159277
0.000107028
5.36812e-05
5.09437e-05
0.000101364
0.000150745
0.000198578
0.000244373
0.00028766
0.000327994
0.000364961
0.000398183
0.000427318
0.000452066
0.000472175
0.000487437
0.000497697
0.000502848
0.000502837
0.000497666
0.000487386
0.000472104
0.000451976
0.000427209
0.000398058
0.00036482
0.000327838
0.000287491
0.000244194
0.00019839
0.000150549
0.000101164
5.07396e-05
4.74674e-05
9.44476e-05
0.000140458
0.000185028
0.000227698
0.00026803
0.000305612
0.000340057
0.000371012
0.000398159
0.000421219
0.000439955
0.000454176
0.000463735
0.000468534
0.000468525
0.000463706
0.000454128
0.000439889
0.000421134
0.000398058
0.000370895
0.000339926
0.000305467
0.000267874
0.00022753
0.000184852
0.000140276
9.42604e-05
4.72773e-05
4.35039e-05
8.65613e-05
0.00012873
0.000169578
0.000208685
0.00024565
0.000280094
0.000311663
0.000340033
0.000364913
0.000386047
0.000403219
0.000416253
0.000425014
0.000429412
0.000429403
0.000424987
0.000416209
0.000403158
0.00038597
0.00036482
0.000339926
0.000311542
0.000279961
0.000245506
0.000208532
0.000169417
0.000128563
8.63898e-05
4.33297e-05
3.90939e-05
7.77866e-05
0.000115681
0.000152388
0.000187531
0.000220749
0.000251701
0.00028007
0.000305564
0.000327921
0.000346913
0.000362345
0.000374057
0.00038193
0.000385883
0.000385875
0.000381906
0.000374018
0.00036229
0.000346844
0.000327838
0.000305467
0.000279961
0.000251581
0.000220619
0.000187393
0.000152243
0.000115531
7.76324e-05
3.89373e-05
3.42827e-05
6.82134e-05
0.000101444
0.000133633
0.000164451
0.000193581
0.000220724
0.000245602
0.000267958
0.000287564
0.000304219
0.000317751
0.000328022
0.000334926
0.000338392
0.000338385
0.000334905
0.000327987
0.000317703
0.000304158
0.000287491
0.000267874
0.000245506
0.000220619
0.000193468
0.000164331
0.000133507
0.000101312
6.80782e-05
3.41453e-05
2.91195e-05
5.79401e-05
8.61661e-05
0.000113508
0.000139684
0.000164427
0.000187482
0.000208613
0.000227602
0.000244256
0.000258402
0.000269896
0.00027862
0.000284484
0.000287429
0.000287423
0.000284467
0.000278591
0.000269856
0.00025835
0.000244194
0.00022753
0.000208532
0.000187393
0.000164331
0.000139582
0.0001134
8.60542e-05
5.78253e-05
2.90029e-05
2.36575e-05
4.70721e-05
7.00037e-05
9.22166e-05
0.000113483
0.000133585
0.000152315
0.000169483
0.00018491
0.00019844
0.000209933
0.000219271
0.000226359
0.000231123
0.000233515
0.00023351
0.000231108
0.000226335
0.000219238
0.000209891
0.00019839
0.000184852
0.000169417
0.000152243
0.000133507
0.0001134
9.21291e-05
6.99128e-05
4.69788e-05
2.35627e-05
1.79526e-05
3.5721e-05
5.31227e-05
6.99792e-05
8.61174e-05
0.000101372
0.000115586
0.000128613
0.00014032
0.000150587
0.000159309
0.000166395
0.000171774
0.000175389
0.000177204
0.000177201
0.000175378
0.000171756
0.00016637
0.000159277
0.000150549
0.000140276
0.000128563
0.000115531
0.000101312
8.60542e-05
6.99128e-05
5.30538e-05
3.56502e-05
1.78807e-05
1.20635e-05
2.40032e-05
3.56965e-05
4.70235e-05
5.78678e-05
6.81181e-05
7.76693e-05
8.64232e-05
9.42902e-05
0.000101189
0.00010705
0.000111812
0.000115426
0.000117855
0.000119075
0.000119072
0.000117848
0.000115414
0.000111795
0.000107028
0.000101164
9.42604e-05
8.63898e-05
7.76324e-05
6.80782e-05
5.78253e-05
4.69788e-05
3.56502e-05
2.39556e-05
1.20152e-05
6.05058e-06
1.20391e-05
1.7904e-05
2.35851e-05
2.90242e-05
3.41653e-05
3.89558e-05
4.33465e-05
4.72922e-05
5.07525e-05
5.36919e-05
5.60802e-05
5.78929e-05
5.91114e-05
5.97232e-05
5.9722e-05
5.91077e-05
5.78868e-05
5.60718e-05
5.36812e-05
5.07396e-05
4.72773e-05
4.33297e-05
3.89373e-05
3.41453e-05
2.90029e-05
2.35627e-05
1.78807e-05
1.20152e-05
6.02635e-06
